500 3500
452 130 8 
487 103 12 
138 278 14 
157 354 19 
204 300 16 
132 346 1 
293 339 10 
332 12 5 
484 251 10 
219 221 1 
421 145 17 
256 172 11 
282 149 8 
313 186 2 
129 236 7 
172 200 8 
375 171 9 
226 197 7 
4 331 10 
256 366 15 
32 88 5 
246 304 16 
378 148 12 
215 463 3 
339 13 16 
499 398 14 
427 118 3 
448 352 3 
272 445 1 
234 130 17 
291 420 13 
256 137 6 
424 464 13 
430 437 14 
243 23 11 
314 0 12 
485 355 1 
220 308 1 
439 182 13 
366 84 4 
359 264 9 
493 377 18 
224 351 13 
231 309 14 
441 88 14 
315 76 16 
456 41 9 
393 465 7 
390 113 7 
451 389 9 
488 172 15 
1 151 15 
368 1 17 
315 45 7 
163 247 1 
497 79 6 
174 412 13 
464 326 8 
305 399 14 
330 147 15 
74 111 6 
186 179 3 
484 384 15 
56 16 9 
236 89 8 
460 202 10 
41 66 8 
113 45 7 
102 401 8 
265 20 14 
30 170 13 
328 96 15 
229 427 12 
496 138 18 
459 303 13 
49 231 10 
99 350 13 
351 59 5 
176 256 9 
307 52 1 
338 137 15 
312 150 14 
455 486 8 
478 189 14 
193 82 16 
151 353 8 
23 363 6 
83 207 12 
223 465 11 
293 209 16 
277 404 9 
244 41 7 
268 187 10 
164 430 18 
226 407 14 
497 419 18 
154 337 5 
469 125 7 
51 179 19 
72 116 13 
100 333 19 
167 392 7 
199 311 10 
499 212 4 
405 304 17 
60 231 2 
309 42 5 
451 231 4 
293 449 11 
356 52 2 
58 364 4 
15 489 19 
256 196 5 
128 136 17 
176 46 5 
236 16 13 
487 217 17 
144 151 14 
312 2 1 
191 498 18 
173 191 7 
471 384 17 
499 343 3 
9 467 11 
38 413 19 
380 277 9 
309 37 13 
21 30 19 
151 198 8 
187 461 19 
211 182 1 
27 233 5 
327 39 19 
93 213 3 
150 142 13 
250 149 7 
42 68 12 
207 264 19 
316 449 14 
387 473 3 
336 325 14 
407 357 16 
477 18 7 
112 311 19 
139 117 19 
402 409 14 
76 326 2 
327 375 7 
352 433 18 
400 418 1 
430 54 2 
106 155 10 
13 388 5 
161 304 13 
405 131 15 
171 290 4 
232 411 2 
213 214 17 
7 389 1 
160 487 16 
153 118 2 
487 282 14 
38 389 3 
442 34 16 
496 471 8 
10 76 19 
379 479 11 
167 146 9 
18 65 12 
188 340 10 
266 8 7 
314 238 5 
279 63 11 
307 204 11 
157 333 5 
145 114 15 
158 343 1 
352 451 7 
66 113 3 
69 5 9 
303 145 8 
260 445 5 
387 297 18 
103 436 17 
20 405 11 
382 446 19 
172 201 1 
276 491 12 
391 130 12 
430 474 12 
39 273 9 
304 19 5 
307 469 7 
324 212 12 
482 418 14 
285 318 5 
284 429 18 
410 319 19 
217 353 16 
13 50 15 
117 199 14 
290 39 1 
434 43 18 
30 61 9 
7 327 15 
246 181 1 
114 9 19 
2 442 13 
42 215 9 
315 335 11 
129 35 10 
103 217 10 
290 446 11 
141 451 10 
25 191 2 
74 380 15 
214 363 11 
240 248 1 
171 235 19 
297 353 14 
353 55 10 
280 315 18 
190 247 3 
455 21 17 
345 32 13 
397 388 15 
453 223 6 
57 411 3 
156 185 17 
247 250 18 
359 80 1 
361 90 10 
218 4 4 
6 367 11 
418 273 6 
450 164 1 
71 361 13 
440 339 5 
220 243 6 
318 479 13 
38 157 5 
256 497 12 
136 27 11 
87 285 3 
231 471 7 
175 260 16 
470 454 2 
268 216 11 
446 179 4 
44 489 10 
323 81 3 
193 265 19 
135 461 14 
96 316 11 
308 96 15 
9 466 7 
454 50 19 
148 134 4 
197 308 6 
29 130 15 
32 144 11 
18 2 17 
237 25 2 
309 424 19 
309 225 16 
287 401 12 
323 407 13 
393 231 2 
394 254 5 
437 292 5 
320 305 3 
418 406 15 
68 490 2 
457 75 12 
134 353 18 
157 493 14 
262 342 7 
372 234 1 
14 216 14 
82 259 6 
151 3 9 
46 23 3 
128 384 17 
265 223 16 
49 23 12 
168 366 12 
173 290 19 
335 498 3 
314 466 16 
100 281 3 
200 91 2 
262 236 9 
194 232 18 
210 163 17 
470 239 4 
277 330 5 
334 455 11 
65 118 8 
166 473 19 
348 70 17 
298 145 4 
369 348 4 
347 161 11 
4 120 13 
357 314 10 
73 230 14 
83 302 10 
373 264 11 
482 55 4 
397 406 14 
253 393 11 
421 245 6 
112 136 15 
244 312 10 
28 227 2 
350 224 6 
288 493 5 
1 225 2 
57 199 3 
121 104 17 
171 174 4 
29 309 18 
180 59 6 
484 462 2 
81 323 18 
8 294 9 
336 277 9 
154 479 4 
237 10 19 
366 250 9 
88 83 4 
211 16 16 
472 0 3 
11 486 3 
481 458 18 
189 34 3 
145 162 3 
61 114 1 
252 184 19 
231 32 12 
19 294 2 
451 34 10 
400 247 7 
496 482 3 
177 422 10 
498 114 19 
33 177 5 
354 107 2 
202 348 12 
399 162 10 
474 445 10 
168 193 10 
368 52 12 
316 276 16 
305 180 2 
302 172 5 
313 121 6 
14 352 8 
108 36 14 
219 121 17 
17 79 1 
195 286 5 
97 86 7 
479 183 11 
230 99 17 
14 194 4 
433 274 19 
196 133 7 
38 144 4 
222 281 14 
124 415 18 
392 411 5 
417 495 13 
244 11 5 
299 192 17 
137 49 16 
380 439 13 
229 136 17 
441 426 13 
82 37 5 
144 273 15 
472 160 1 
429 178 6 
26 335 4 
30 126 12 
8 245 17 
459 219 16 
147 318 5 
465 121 17 
37 402 4 
176 263 11 
275 499 3 
333 274 4 
245 247 15 
339 334 2 
278 454 4 
218 121 14 
204 104 13 
120 38 8 
229 389 5 
111 2 12 
96 238 15 
110 340 2 
245 371 11 
339 349 4 
324 239 16 
122 278 11 
24 446 16 
46 401 7 
345 323 19 
310 103 15 
421 184 5 
140 254 2 
444 382 8 
430 388 19 
383 272 3 
130 328 9 
164 442 12 
362 292 15 
138 302 5 
322 234 18 
321 191 7 
420 52 14 
491 94 19 
281 122 14 
228 185 9 
439 142 11 
231 165 5 
331 47 13 
187 258 19 
431 94 10 
480 254 5 
120 198 3 
85 231 4 
360 225 6 
45 406 10 
282 117 15 
55 241 10 
67 486 15 
290 258 7 
181 76 13 
158 94 15 
179 15 16 
5 68 18 
166 351 5 
17 86 6 
335 195 2 
276 86 9 
433 263 15 
252 338 15 
231 407 16 
300 381 16 
36 86 13 
313 430 3 
36 292 4 
108 13 9 
231 404 19 
280 55 12 
295 44 13 
169 497 15 
371 104 18 
411 124 5 
416 151 2 
94 445 8 
273 118 10 
225 193 3 
247 290 11 
82 295 12 
169 453 19 
323 45 9 
90 312 1 
483 261 18 
140 384 1 
150 286 8 
429 442 7 
59 367 12 
484 195 17 
409 63 18 
142 277 12 
489 455 3 
439 203 16 
437 198 6 
446 96 15 
313 381 18 
259 76 15 
456 416 18 
165 80 7 
113 199 10 
314 282 1 
212 332 6 
92 40 11 
278 461 7 
293 72 11 
264 239 11 
94 202 12 
41 279 8 
429 195 12 
153 492 4 
158 227 14 
224 194 1 
92 301 14 
407 290 3 
389 362 11 
325 385 7 
413 301 4 
362 190 19 
462 267 12 
157 460 1 
350 137 6 
306 94 4 
226 399 5 
452 274 16 
192 234 14 
42 481 19 
92 203 9 
324 478 18 
132 289 7 
294 43 14 
292 270 10 
456 208 11 
239 64 5 
144 251 7 
348 27 8 
433 334 5 
206 35 14 
389 76 13 
98 259 7 
93 350 8 
310 488 4 
430 392 4 
283 368 17 
271 268 11 
123 8 11 
100 93 3 
28 316 19 
335 29 3 
4 252 18 
348 128 2 
239 218 17 
24 186 15 
335 438 15 
279 186 1 
13 179 10 
481 37 15 
138 60 11 
228 6 15 
215 373 7 
57 439 7 
95 53 13 
58 181 4 
474 281 19 
495 191 9 
144 398 11 
449 177 4 
381 440 8 
228 25 5 
32 287 8 
273 296 3 
40 328 14 
138 365 10 
326 209 13 
479 277 13 
418 427 13 
299 280 14 
121 356 14 
191 345 16 
358 40 2 
477 413 4 
94 55 10 
70 233 12 
213 152 9 
424 95 15 
7 31 7 
92 419 13 
171 25 19 
322 426 18 
371 282 3 
402 382 4 
90 231 15 
278 40 13 
441 459 6 
28 300 13 
68 399 1 
49 428 8 
495 402 13 
288 445 3 
424 155 4 
389 496 11 
272 420 1 
65 14 3 
67 464 18 
222 373 5 
182 142 11 
92 221 14 
352 364 17 
341 214 6 
94 47 14 
425 58 19 
69 146 2 
459 223 17 
54 242 18 
9 286 13 
167 310 17 
285 106 16 
191 495 6 
66 362 4 
305 107 17 
256 444 15 
100 8 6 
486 401 9 
485 165 8 
487 287 4 
496 410 7 
279 76 15 
332 335 8 
46 217 7 
331 260 8 
180 294 12 
116 313 2 
190 47 11 
60 132 8 
113 137 13 
315 398 13 
366 284 3 
51 64 6 
383 468 7 
322 342 12 
17 135 3 
416 236 14 
64 168 5 
218 422 3 
365 473 10 
44 330 1 
403 56 3 
81 234 6 
397 416 4 
323 183 11 
447 404 12 
92 397 4 
277 205 12 
108 370 6 
82 333 9 
399 430 2 
163 43 11 
86 218 3 
461 288 6 
41 495 10 
84 24 16 
278 106 4 
219 199 2 
107 112 17 
85 41 16 
232 228 8 
98 247 10 
97 167 16 
34 315 1 
394 63 2 
180 388 8 
265 63 1 
308 329 16 
364 288 10 
21 32 6 
241 278 19 
178 356 5 
248 26 1 
141 153 8 
315 301 7 
194 398 6 
299 135 10 
164 163 13 
173 117 5 
316 242 13 
344 96 8 
48 238 6 
218 29 10 
298 39 1 
493 376 13 
315 60 14 
54 236 8 
353 307 15 
301 396 2 
393 391 13 
313 453 15 
441 185 9 
113 360 18 
279 327 10 
338 248 7 
143 364 11 
365 219 10 
245 446 19 
20 235 8 
343 174 1 
332 499 13 
9 186 10 
235 306 19 
49 303 2 
230 388 17 
138 304 6 
431 13 14 
283 122 12 
122 171 6 
411 97 3 
465 110 3 
415 221 8 
251 46 13 
113 282 19 
400 179 13 
190 87 6 
138 127 11 
327 114 14 
448 268 7 
331 197 9 
478 88 2 
300 233 9 
35 220 13 
210 151 14 
386 371 14 
20 180 14 
396 147 2 
286 19 5 
313 148 5 
104 291 6 
370 464 11 
442 138 17 
340 69 17 
198 311 12 
295 131 18 
344 423 2 
41 274 19 
106 72 16 
428 434 12 
90 195 19 
285 465 4 
264 253 9 
19 183 17 
273 126 8 
25 150 17 
196 447 9 
155 75 13 
490 344 6 
290 422 8 
383 242 17 
393 59 7 
327 267 4 
246 342 16 
217 56 5 
237 108 2 
74 436 19 
443 307 8 
441 392 3 
433 7 5 
268 269 2 
59 463 12 
30 210 16 
410 324 3 
46 30 17 
310 183 4 
377 147 8 
206 450 6 
4 295 4 
489 237 14 
134 240 3 
491 425 13 
29 466 1 
472 18 3 
196 487 19 
20 193 10 
180 193 17 
155 224 9 
183 429 15 
14 288 3 
177 141 1 
131 342 15 
27 443 8 
487 261 14 
92 224 2 
79 41 17 
276 322 2 
447 281 12 
489 83 8 
275 198 1 
424 107 12 
1 454 16 
403 154 14 
326 343 2 
224 148 7 
152 412 13 
339 258 19 
143 271 12 
240 3 17 
452 72 5 
165 264 6 
310 438 11 
106 40 9 
170 406 13 
150 197 1 
439 288 11 
256 426 19 
240 436 8 
228 338 8 
299 318 15 
199 416 1 
33 295 4 
456 205 16 
196 456 6 
449 228 12 
256 160 2 
480 52 9 
113 341 18 
327 395 12 
172 321 7 
171 360 4 
435 424 19 
335 244 15 
78 492 6 
37 471 13 
458 234 18 
144 431 5 
227 113 1 
176 393 8 
87 145 11 
191 112 9 
73 330 12 
235 99 4 
158 66 5 
180 260 8 
255 381 18 
98 198 12 
6 363 16 
204 348 14 
42 137 18 
362 339 13 
127 397 9 
320 122 16 
160 409 17 
383 427 5 
460 30 8 
443 331 2 
355 212 19 
50 190 16 
110 264 2 
260 144 4 
439 339 18 
385 222 12 
209 348 11 
94 282 12 
87 249 5 
174 478 18 
167 130 15 
228 70 9 
383 56 1 
14 339 9 
28 119 7 
290 470 12 
169 162 16 
250 73 15 
292 84 15 
441 434 16 
497 288 19 
1 260 19 
56 44 4 
452 312 11 
222 428 15 
196 304 16 
50 397 1 
467 88 18 
195 469 15 
304 208 4 
438 430 2 
445 128 18 
280 3 15 
51 491 5 
341 241 11 
173 379 14 
94 433 11 
280 221 14 
65 326 4 
26 70 11 
243 295 14 
439 369 4 
271 122 16 
217 402 3 
426 97 19 
177 103 1 
33 417 6 
364 330 14 
359 357 12 
51 374 7 
203 411 13 
259 91 16 
206 263 15 
141 487 7 
104 3 8 
309 114 4 
245 49 17 
10 401 10 
71 233 1 
305 54 4 
308 221 9 
323 428 18 
286 408 8 
473 468 14 
91 2 13 
253 349 14 
59 174 12 
55 462 13 
170 324 2 
435 24 17 
363 97 11 
144 367 3 
493 342 13 
11 491 4 
223 350 10 
407 288 2 
35 131 3 
282 148 13 
305 454 13 
334 185 9 
112 261 14 
205 70 16 
248 400 13 
198 347 17 
166 105 2 
252 459 6 
469 51 9 
31 228 3 
205 234 10 
162 184 7 
52 86 16 
406 468 11 
459 193 15 
348 317 5 
381 457 15 
234 205 4 
475 229 17 
77 222 12 
350 29 5 
48 137 2 
54 480 11 
247 302 2 
221 216 13 
347 384 8 
457 462 7 
350 397 7 
383 282 6 
480 382 19 
366 381 5 
137 130 6 
474 389 12 
194 58 6 
181 33 5 
64 343 12 
324 417 1 
300 184 3 
469 116 16 
495 210 13 
163 442 4 
94 18 10 
29 83 17 
30 71 9 
418 377 11 
318 352 3 
155 130 5 
126 270 4 
488 456 14 
91 187 16 
131 110 3 
363 42 4 
281 266 4 
383 437 19 
471 381 10 
372 445 17 
63 35 17 
165 331 11 
401 476 16 
312 364 13 
244 108 15 
459 152 10 
302 417 13 
169 239 12 
69 250 12 
352 316 15 
242 462 18 
55 450 14 
23 385 5 
250 325 1 
226 221 5 
302 133 7 
482 406 7 
300 37 15 
189 472 9 
444 173 10 
479 290 9 
345 410 7 
293 27 18 
179 190 17 
85 358 1 
112 372 18 
369 238 19 
400 401 6 
276 306 15 
477 311 1 
457 350 5 
414 195 10 
183 60 6 
221 444 5 
147 458 2 
74 97 6 
347 360 4 
270 346 3 
30 490 13 
6 32 11 
474 293 14 
184 306 9 
69 260 9 
155 194 5 
43 279 8 
277 153 2 
35 277 15 
29 382 8 
97 440 5 
485 477 17 
29 405 17 
419 470 6 
494 197 12 
84 346 13 
123 179 19 
75 96 3 
40 274 6 
198 291 11 
199 460 11 
63 391 3 
420 374 7 
466 399 18 
393 137 9 
0 143 6 
289 300 1 
43 418 6 
239 411 8 
36 437 16 
182 62 12 
225 141 5 
439 79 6 
447 212 4 
165 179 19 
226 315 7 
361 403 15 
415 45 11 
404 425 5 
335 277 10 
256 76 16 
240 161 16 
161 163 2 
47 128 12 
146 41 14 
131 293 1 
189 490 11 
460 404 12 
335 0 8 
409 155 18 
355 86 12 
345 145 17 
87 256 1 
460 210 4 
184 173 13 
368 59 4 
405 30 7 
120 405 16 
246 71 18 
463 303 9 
483 124 13 
248 491 4 
22 19 3 
450 417 12 
456 256 13 
139 485 15 
334 231 1 
247 123 5 
248 24 5 
292 201 19 
372 319 4 
429 303 11 
230 398 4 
186 72 19 
323 153 12 
300 364 17 
284 220 18 
1 338 7 
256 346 14 
287 90 12 
355 445 7 
53 89 10 
252 397 8 
13 1 13 
147 431 1 
248 80 14 
120 339 7 
285 266 17 
210 449 15 
262 490 11 
171 217 1 
44 179 7 
51 63 10 
475 495 14 
73 242 2 
184 186 4 
435 175 17 
226 313 7 
125 38 17 
160 234 6 
58 268 12 
453 465 3 
164 135 10 
350 426 8 
125 420 12 
495 112 6 
282 78 15 
28 294 9 
147 116 17 
134 489 9 
212 396 19 
478 78 12 
448 105 13 
28 122 19 
34 168 5 
202 411 13 
232 188 19 
178 233 3 
283 227 10 
204 44 7 
293 174 12 
364 299 2 
20 71 4 
308 305 18 
332 63 19 
92 38 14 
358 188 19 
417 158 11 
382 143 11 
372 153 10 
370 3 16 
81 71 12 
150 236 14 
204 56 13 
195 299 17 
75 329 17 
266 122 7 
158 412 1 
376 110 6 
374 283 15 
360 406 7 
481 390 2 
359 371 12 
198 431 11 
85 336 10 
206 162 5 
492 40 8 
420 463 11 
269 108 16 
411 115 17 
385 18 12 
177 112 12 
222 390 15 
27 437 1 
463 450 4 
202 492 18 
144 418 13 
280 336 19 
380 298 11 
269 421 17 
344 486 11 
408 47 1 
430 400 15 
486 112 14 
303 20 12 
2 130 12 
92 396 5 
270 297 10 
41 341 10 
397 248 8 
22 145 11 
234 425 13 
487 46 6 
327 43 6 
71 96 19 
344 147 2 
237 376 1 
463 114 2 
298 453 9 
292 431 3 
275 223 4 
441 451 6 
145 71 17 
165 156 18 
222 299 5 
116 232 4 
303 141 9 
432 140 15 
448 278 5 
418 457 4 
320 73 6 
157 482 10 
33 224 17 
311 374 5 
108 121 8 
168 455 11 
246 476 10 
499 73 18 
180 12 5 
413 463 19 
171 426 9 
15 241 13 
221 274 1 
296 288 14 
403 340 9 
36 362 2 
149 189 19 
301 144 15 
283 55 5 
421 124 5 
205 126 15 
48 268 4 
237 211 15 
112 454 8 
436 474 12 
105 361 6 
61 17 19 
221 141 11 
458 244 1 
12 240 15 
256 131 10 
67 254 9 
392 267 12 
474 245 7 
488 278 18 
327 109 3 
33 154 17 
48 383 18 
287 325 12 
363 196 19 
318 78 7 
188 458 4 
401 397 12 
375 306 15 
370 393 14 
344 233 4 
415 40 3 
296 65 19 
330 141 3 
155 442 5 
369 363 9 
13 281 16 
380 208 6 
95 352 7 
199 38 11 
428 474 8 
443 272 17 
243 90 11 
2 453 10 
363 347 2 
428 161 4 
374 412 14 
271 110 6 
196 26 17 
292 379 19 
105 266 10 
446 495 6 
100 222 14 
56 434 9 
25 100 16 
304 108 18 
52 265 2 
157 160 3 
331 5 19 
400 42 14 
442 47 5 
97 491 9 
67 261 10 
222 213 4 
61 198 4 
387 35 4 
354 392 13 
288 103 18 
398 308 7 
223 499 18 
266 62 12 
311 194 1 
41 159 14 
347 132 6 
16 418 19 
95 435 6 
130 358 19 
38 353 4 
460 170 14 
429 304 2 
295 57 19 
175 244 3 
256 72 10 
499 352 4 
367 209 14 
425 281 12 
263 230 19 
102 56 13 
477 400 14 
298 337 7 
190 68 12 
313 447 8 
287 57 12 
282 150 7 
214 184 12 
422 173 8 
325 129 12 
46 311 17 
114 18 1 
101 471 14 
401 404 7 
172 389 11 
349 122 19 
75 85 8 
360 33 12 
349 478 13 
330 65 16 
103 60 2 
103 397 8 
171 384 8 
289 48 8 
386 106 3 
206 160 1 
183 245 8 
459 17 14 
124 458 8 
128 106 5 
361 66 1 
486 71 14 
154 461 15 
407 103 4 
281 298 9 
384 317 6 
485 403 1 
189 422 18 
257 149 18 
285 93 15 
290 8 4 
241 276 16 
244 78 6 
122 416 12 
66 203 17 
241 235 12 
209 274 8 
114 461 9 
142 245 7 
398 102 9 
322 480 1 
142 365 5 
7 35 10 
340 366 14 
38 130 16 
223 58 19 
91 363 1 
23 390 14 
299 322 1 
293 100 6 
457 184 5 
422 458 12 
255 484 2 
362 113 1 
284 474 13 
424 416 13 
207 77 8 
403 85 2 
73 470 12 
364 143 11 
433 210 3 
449 454 1 
346 128 17 
453 111 5 
137 104 9 
143 362 10 
3 91 2 
45 228 1 
481 265 8 
167 179 4 
18 274 2 
64 69 13 
238 455 18 
408 283 5 
471 51 18 
250 140 8 
447 25 18 
83 182 13 
16 242 19 
153 342 1 
366 61 10 
252 257 3 
466 123 10 
418 381 11 
398 448 15 
231 219 3 
465 483 16 
443 290 10 
249 348 17 
128 401 13 
129 83 1 
274 262 4 
166 139 18 
246 387 6 
498 460 11 
346 413 5 
147 148 1 
265 47 4 
370 442 13 
119 57 6 
291 407 17 
283 62 15 
116 239 9 
2 138 6 
498 170 6 
317 379 15 
198 108 12 
359 55 13 
148 85 2 
36 339 18 
263 454 4 
212 456 11 
162 464 7 
493 55 14 
226 262 4 
30 81 19 
267 43 2 
382 471 10 
346 211 12 
135 278 3 
475 177 15 
92 328 2 
177 408 5 
261 138 3 
276 422 1 
95 277 19 
178 274 13 
209 96 14 
77 476 9 
373 210 12 
328 51 14 
294 256 14 
349 315 17 
286 328 16 
385 239 10 
232 423 12 
297 196 6 
211 390 7 
64 339 1 
22 300 19 
286 388 18 
360 81 4 
339 372 4 
183 207 19 
32 159 3 
289 189 14 
93 17 17 
472 433 7 
333 37 3 
140 472 10 
410 189 14 
67 138 1 
349 255 12 
0 405 15 
79 453 11 
411 226 13 
21 166 6 
464 150 7 
151 47 4 
116 168 1 
156 240 2 
326 148 19 
264 400 12 
248 124 8 
488 431 15 
367 274 10 
40 459 10 
357 37 1 
228 288 15 
247 286 1 
499 223 13 
330 467 10 
288 461 14 
273 161 5 
306 336 15 
29 406 9 
400 473 2 
296 241 2 
426 71 8 
453 126 17 
304 188 17 
427 160 9 
294 255 17 
457 352 17 
287 424 5 
428 475 16 
273 448 4 
434 310 7 
73 72 14 
224 12 7 
30 357 18 
60 118 19 
389 163 2 
497 403 8 
220 92 5 
494 136 4 
383 219 3 
336 384 5 
179 74 10 
130 317 14 
62 225 17 
271 35 15 
416 496 4 
252 494 19 
495 216 13 
79 244 1 
28 214 19 
404 283 12 
245 224 6 
417 166 7 
319 241 15 
242 277 15 
249 179 3 
451 146 16 
136 125 5 
36 490 13 
85 148 17 
30 212 17 
83 335 17 
236 18 17 
57 4 1 
398 196 8 
387 264 5 
199 190 12 
430 365 10 
68 244 4 
393 129 17 
154 38 12 
232 125 10 
283 264 5 
370 413 4 
243 417 12 
380 327 19 
466 207 18 
49 348 14 
49 379 11 
88 331 10 
63 57 8 
40 28 8 
50 117 6 
63 89 19 
143 141 8 
381 150 13 
356 190 1 
18 437 6 
377 211 7 
130 188 17 
318 360 16 
362 114 11 
472 61 1 
390 138 3 
27 245 3 
469 146 15 
11 245 9 
254 175 18 
115 30 12 
195 489 1 
330 61 4 
434 297 10 
171 439 18 
433 268 13 
431 403 1 
388 127 13 
96 75 10 
478 186 12 
290 174 15 
265 77 8 
149 100 14 
486 496 18 
343 359 16 
171 467 8 
237 483 6 
219 15 4 
247 185 2 
180 194 5 
179 203 5 
14 5 2 
212 431 10 
233 98 11 
493 70 9 
426 333 4 
2 498 2 
225 82 11 
219 24 15 
187 216 8 
169 153 5 
90 170 13 
252 175 13 
443 312 16 
294 493 1 
482 64 13 
115 468 15 
344 349 12 
174 37 4 
216 112 4 
173 7 14 
85 434 17 
267 273 14 
391 152 10 
138 244 3 
176 431 2 
465 224 17 
9 377 16 
281 155 7 
115 310 17 
455 291 2 
115 256 2 
83 114 6 
26 478 9 
192 169 16 
106 319 17 
310 151 15 
332 267 4 
416 287 19 
312 319 4 
483 284 9 
397 284 17 
463 16 2 
177 449 18 
32 154 18 
138 178 11 
223 360 7 
3 221 13 
156 399 8 
394 402 17 
367 38 1 
285 25 14 
52 226 14 
25 195 14 
277 52 11 
160 438 17 
78 153 11 
8 492 6 
55 146 18 
46 72 1 
6 48 3 
78 249 6 
51 27 19 
432 413 3 
203 169 11 
409 231 15 
134 339 1 
180 121 9 
414 177 5 
486 270 17 
181 69 15 
387 316 11 
6 182 18 
54 272 5 
186 195 15 
17 70 4 
46 477 16 
490 187 12 
419 320 7 
56 397 4 
138 341 3 
268 258 10 
367 397 7 
74 265 5 
78 50 2 
151 245 13 
218 94 13 
86 443 19 
109 157 11 
344 157 9 
450 113 14 
12 124 15 
387 277 15 
69 46 1 
91 34 11 
76 349 15 
263 397 10 
387 274 18 
103 69 18 
346 459 14 
200 499 16 
72 474 2 
450 269 18 
447 181 19 
93 172 16 
393 279 13 
467 108 9 
118 175 7 
117 419 7 
176 126 5 
257 464 1 
449 86 4 
314 55 10 
69 259 12 
143 286 15 
283 437 16 
17 409 6 
339 428 7 
78 402 14 
227 489 8 
469 177 6 
161 472 9 
353 128 19 
206 418 13 
468 88 2 
207 27 6 
306 105 3 
464 252 5 
81 452 7 
123 497 8 
333 126 13 
409 244 2 
420 256 4 
18 121 2 
139 461 18 
384 349 13 
294 153 9 
494 55 3 
335 223 19 
457 452 7 
476 489 10 
131 138 12 
169 316 15 
1 252 19 
350 260 18 
11 467 4 
11 456 3 
443 18 7 
266 438 16 
391 252 18 
84 443 15 
100 473 19 
267 66 7 
415 128 4 
21 158 10 
457 35 12 
220 212 12 
482 420 9 
275 492 15 
241 496 12 
58 431 6 
451 106 16 
327 275 4 
377 0 11 
137 2 17 
116 243 17 
145 141 18 
370 428 16 
306 18 7 
15 149 19 
63 106 3 
432 23 9 
394 112 8 
14 324 16 
462 397 12 
477 203 7 
216 92 12 
476 340 3 
291 332 1 
65 347 5 
282 0 13 
285 321 11 
162 36 3 
302 161 3 
294 273 17 
39 231 8 
476 366 17 
494 198 17 
192 84 17 
277 456 1 
457 235 6 
275 78 19 
316 476 19 
49 140 13 
177 37 9 
498 260 19 
33 298 16 
32 210 13 
485 119 8 
138 350 11 
264 222 12 
88 149 8 
499 317 5 
91 318 10 
245 200 1 
348 143 7 
387 433 19 
252 318 11 
496 493 16 
479 135 8 
452 264 16 
470 482 6 
21 489 6 
173 388 5 
256 158 14 
367 195 15 
55 70 6 
57 139 19 
137 416 10 
463 116 6 
420 474 8 
402 240 10 
443 254 9 
316 396 9 
160 414 5 
471 210 18 
492 384 16 
307 404 14 
348 430 18 
328 273 6 
59 6 12 
351 172 15 
6 188 14 
475 439 8 
373 453 13 
421 491 5 
269 495 19 
244 43 12 
477 426 1 
383 134 14 
495 330 5 
110 208 17 
158 134 10 
270 286 8 
326 96 14 
287 76 16 
371 398 13 
121 193 2 
56 435 18 
340 474 9 
407 92 10 
378 97 10 
153 461 6 
147 365 9 
124 409 3 
426 169 11 
368 489 3 
231 441 10 
397 259 7 
203 394 6 
68 151 1 
234 329 3 
378 1 9 
416 406 17 
185 329 13 
125 451 5 
109 297 16 
317 221 13 
314 347 15 
181 68 8 
79 68 8 
217 101 8 
173 483 13 
121 241 2 
375 40 18 
188 153 16 
394 357 3 
396 106 17 
391 471 12 
225 3 13 
262 340 18 
445 291 11 
97 39 9 
420 61 4 
69 372 11 
377 258 12 
20 411 14 
177 376 3 
116 102 11 
169 328 1 
423 298 1 
489 337 1 
342 226 19 
17 490 1 
319 84 9 
24 279 13 
67 473 10 
340 371 9 
64 73 17 
411 272 11 
169 248 2 
222 270 1 
330 67 18 
444 393 12 
45 90 10 
133 460 12 
179 7 9 
159 39 1 
63 453 5 
215 227 4 
383 259 11 
490 225 5 
323 106 19 
98 446 1 
129 61 7 
223 302 9 
7 441 18 
465 158 3 
349 267 4 
226 184 5 
25 78 6 
198 343 1 
327 435 5 
284 356 12 
305 13 16 
383 205 16 
226 134 5 
91 420 15 
408 236 13 
277 239 18 
416 94 10 
287 173 7 
319 146 9 
358 402 12 
494 374 15 
177 400 5 
2 205 19 
466 439 12 
414 345 9 
63 401 15 
447 225 8 
340 291 6 
399 308 8 
139 109 8 
54 235 1 
6 22 8 
328 133 2 
150 117 9 
170 244 19 
401 116 2 
207 20 10 
485 38 13 
18 191 5 
65 169 3 
102 274 13 
489 353 19 
354 341 1 
274 105 17 
280 281 16 
308 458 8 
106 104 16 
179 447 10 
139 201 11 
337 261 5 
427 472 5 
318 218 6 
77 89 11 
52 336 16 
80 148 6 
340 279 7 
7 48 11 
79 352 10 
63 188 8 
354 132 9 
263 86 3 
120 490 5 
130 177 19 
340 85 13 
298 435 15 
34 19 13 
274 268 12 
241 345 8 
13 3 3 
47 89 19 
26 192 17 
161 244 4 
93 463 9 
20 159 18 
302 449 5 
456 160 1 
372 258 13 
215 484 12 
227 192 11 
37 391 12 
264 152 7 
478 456 12 
415 28 8 
159 160 6 
305 234 15 
103 474 19 
448 411 19 
80 478 17 
388 259 13 
311 76 7 
126 309 16 
139 284 17 
214 102 16 
224 75 10 
460 188 8 
416 408 11 
269 84 8 
424 144 16 
230 220 5 
153 305 19 
21 340 1 
189 482 3 
40 408 14 
469 20 5 
160 124 5 
374 142 3 
483 79 2 
486 263 17 
351 424 17 
125 257 10 
338 44 14 
474 418 2 
26 316 10 
274 390 3 
425 180 9 
444 46 14 
176 376 11 
290 256 13 
107 386 18 
16 19 2 
28 494 11 
465 412 11 
481 123 12 
4 67 8 
64 111 15 
219 144 5 
418 143 2 
179 136 10 
484 126 14 
205 162 13 
360 381 15 
162 319 17 
339 264 2 
45 269 9 
67 477 11 
203 188 4 
139 149 1 
165 98 4 
229 406 1 
399 42 7 
332 406 9 
357 174 4 
431 394 12 
222 21 2 
135 428 7 
72 20 18 
240 198 5 
28 369 17 
280 42 10 
163 481 10 
309 441 6 
330 485 11 
445 213 17 
465 196 2 
85 354 11 
237 331 15 
252 292 11 
128 144 10 
467 9 9 
76 113 4 
241 469 9 
93 307 4 
485 288 14 
343 372 19 
208 445 11 
16 285 17 
219 367 5 
166 53 17 
276 66 13 
230 178 6 
122 393 6 
160 407 11 
140 262 1 
81 69 3 
252 217 6 
491 199 5 
26 304 19 
88 277 1 
448 152 2 
50 340 2 
86 495 13 
453 75 15 
447 51 3 
175 7 7 
260 182 11 
6 96 1 
34 309 5 
365 383 1 
122 205 8 
395 71 16 
14 298 9 
64 318 12 
172 140 13 
257 475 16 
110 256 10 
138 241 2 
219 368 4 
43 116 11 
100 426 4 
329 165 6 
415 167 5 
488 392 17 
209 292 14 
447 30 1 
397 486 4 
404 39 8 
304 419 17 
116 98 12 
452 245 8 
282 378 17 
366 327 9 
89 227 14 
28 414 14 
105 258 11 
428 332 17 
184 210 15 
229 18 10 
173 454 10 
363 289 12 
350 143 15 
384 368 15 
170 88 18 
478 133 2 
294 220 7 
132 254 9 
367 220 5 
265 166 6 
250 442 8 
440 318 19 
186 143 13 
50 227 7 
496 418 3 
67 412 10 
118 38 15 
148 28 19 
397 143 17 
424 361 7 
249 53 12 
123 289 7 
3 230 18 
409 399 9 
261 471 18 
341 18 10 
364 408 13 
83 37 9 
115 169 8 
227 244 11 
369 465 3 
59 198 16 
420 180 8 
321 279 13 
203 8 2 
424 401 12 
153 409 16 
499 287 17 
429 451 8 
456 276 11 
43 132 17 
185 268 6 
242 202 7 
118 247 12 
221 347 19 
207 250 11 
440 161 17 
230 297 1 
499 149 3 
69 424 19 
126 34 9 
450 30 3 
495 393 14 
68 460 5 
129 104 14 
25 488 16 
45 430 13 
273 441 18 
475 119 13 
211 186 1 
409 100 6 
230 146 12 
469 332 2 
381 404 18 
157 447 14 
258 68 4 
36 153 16 
121 66 10 
442 355 6 
406 141 16 
19 136 8 
443 193 17 
297 377 8 
479 172 7 
399 239 2 
47 166 19 
491 484 16 
466 23 8 
331 259 16 
465 108 6 
229 455 18 
406 408 8 
88 492 8 
31 427 3 
237 196 2 
469 262 9 
494 95 4 
124 404 2 
309 96 7 
50 412 13 
17 420 5 
154 100 15 
87 96 1 
64 62 14 
232 285 3 
320 400 2 
256 188 3 
269 128 3 
431 482 5 
204 428 4 
240 199 18 
238 118 2 
366 38 14 
298 239 18 
240 5 13 
198 135 13 
122 266 16 
451 64 8 
227 129 5 
451 160 3 
298 495 6 
149 292 6 
343 486 18 
167 198 18 
407 154 13 
175 67 1 
355 299 9 
99 312 8 
415 476 5 
133 128 17 
460 438 7 
293 56 5 
150 123 15 
481 159 8 
295 453 5 
167 451 14 
364 133 17 
452 467 4 
254 311 17 
414 291 15 
197 117 6 
275 258 9 
67 340 9 
112 334 17 
204 415 4 
8 39 13 
214 497 11 
385 73 10 
398 312 9 
15 109 1 
158 262 8 
180 250 18 
51 30 18 
340 390 6 
379 358 4 
372 25 6 
104 420 8 
370 333 17 
324 254 19 
492 490 17 
17 386 13 
47 456 1 
164 176 6 
247 105 10 
270 410 19 
93 267 3 
226 146 10 
183 198 19 
190 35 1 
203 318 16 
187 432 6 
190 159 19 
482 291 8 
340 71 7 
168 274 18 
254 70 1 
73 490 8 
238 363 16 
56 111 5 
430 112 2 
264 206 10 
463 375 2 
38 469 9 
48 119 5 
6 44 9 
471 158 11 
299 50 5 
407 385 7 
68 398 17 
322 415 15 
425 432 9 
419 259 13 
293 51 3 
376 59 19 
33 363 18 
305 297 2 
74 362 11 
10 248 11 
59 134 5 
165 291 4 
258 316 7 
145 497 18 
315 184 14 
171 98 3 
44 228 8 
282 125 3 
97 390 16 
176 32 10 
257 397 18 
370 239 16 
264 306 2 
178 399 16 
202 226 7 
405 356 1 
468 340 2 
29 85 15 
347 359 12 
229 192 15 
232 344 2 
124 379 14 
333 405 1 
373 223 18 
83 301 4 
138 208 10 
19 368 7 
163 24 19 
417 342 14 
230 143 19 
77 164 2 
245 139 2 
486 327 15 
121 382 2 
456 403 13 
142 411 14 
14 115 7 
41 44 18 
458 223 8 
373 489 18 
117 127 19 
406 273 9 
453 274 7 
288 199 6 
341 476 19 
94 57 10 
308 132 9 
87 67 11 
251 235 14 
59 259 2 
422 406 8 
283 441 3 
457 58 13 
243 87 17 
308 28 13 
295 275 9 
304 464 13 
206 354 13 
340 441 14 
276 160 6 
81 248 18 
489 200 17 
220 300 15 
222 123 14 
179 457 6 
84 378 2 
173 167 18 
335 85 12 
231 190 17 
242 225 3 
116 181 4 
362 480 8 
498 406 11 
206 372 18 
409 32 12 
204 57 4 
327 341 3 
409 10 7 
100 409 9 
498 286 2 
156 419 3 
410 483 11 
275 225 12 
10 244 1 
36 58 8 
470 66 12 
293 498 15 
10 174 3 
436 164 11 
71 392 18 
275 36 19 
89 115 14 
0 466 19 
353 463 9 
382 375 1 
10 374 6 
105 474 3 
254 144 13 
471 37 6 
288 48 5 
191 389 14 
414 119 16 
327 270 12 
104 329 2 
18 34 1 
12 102 8 
387 346 13 
116 128 11 
217 121 14 
369 241 18 
211 463 7 
431 11 4 
18 326 6 
194 270 13 
381 43 12 
383 368 19 
95 470 16 
102 46 8 
147 266 12 
297 107 7 
383 382 14 
55 17 12 
6 450 16 
9 8 4 
150 420 10 
80 1 2 
322 392 6 
488 259 6 
223 92 8 
432 239 16 
370 57 6 
57 242 1 
395 87 12 
108 111 5 
105 426 1 
42 391 9 
118 383 3 
240 496 9 
393 436 4 
210 190 7 
250 427 6 
152 92 15 
159 201 7 
67 187 19 
453 195 11 
477 92 17 
102 66 15 
325 76 14 
321 465 15 
86 461 18 
331 279 6 
244 130 19 
200 30 11 
285 143 17 
330 23 8 
119 20 4 
31 250 10 
359 83 19 
19 211 18 
377 46 10 
486 74 4 
230 236 12 
447 303 5 
197 483 14 
296 472 6 
375 452 17 
272 52 12 
76 81 4 
428 414 16 
116 154 1 
95 22 5 
382 170 12 
454 344 9 
196 120 7 
42 75 15 
17 268 12 
231 182 10 
338 230 2 
391 435 11 
442 300 6 
130 452 15 
394 119 16 
405 335 18 
229 50 5 
442 92 14 
254 126 7 
98 261 12 
14 307 6 
273 461 18 
125 139 3 
82 255 12 
303 344 6 
85 246 4 
148 246 12 
399 225 10 
490 423 10 
381 312 11 
369 411 5 
458 248 15 
427 85 8 
353 395 5 
449 325 15 
90 38 8 
59 25 5 
113 447 14 
497 145 7 
125 352 13 
313 328 10 
278 478 13 
342 73 13 
141 273 19 
380 155 18 
36 71 15 
481 162 10 
199 174 11 
423 496 4 
170 40 13 
367 290 3 
103 157 3 
117 418 4 
397 400 5 
283 138 9 
386 118 17 
315 279 13 
340 198 10 
324 309 17 
115 113 12 
4 197 12 
340 152 18 
146 369 19 
109 443 5 
227 488 18 
281 411 3 
173 49 8 
133 473 17 
84 333 18 
244 332 8 
212 437 3 
449 319 15 
150 259 10 
491 130 19 
104 364 13 
394 228 19 
407 369 6 
292 104 4 
488 361 9 
403 4 2 
395 0 6 
19 338 4 
16 92 1 
160 430 9 
368 180 5 
303 342 1 
105 126 12 
39 181 8 
278 68 11 
172 472 14 
341 347 2 
475 96 19 
14 139 6 
1 53 18 
468 112 17 
366 429 12 
229 41 11 
22 317 18 
160 172 3 
479 356 11 
296 18 15 
83 262 9 
243 140 17 
456 231 7 
165 454 15 
328 79 8 
342 187 19 
238 316 7 
245 57 5 
317 138 4 
319 127 15 
395 259 3 
373 350 14 
431 475 10 
436 288 7 
197 450 3 
347 436 6 
64 285 10 
490 31 7 
104 414 15 
76 217 14 
447 350 1 
225 240 17 
312 475 2 
53 44 18 
47 57 15 
25 318 6 
260 16 2 
450 327 18 
47 405 12 
387 360 12 
139 76 19 
455 414 14 
395 127 10 
61 408 17 
446 209 14 
171 405 2 
415 265 3 
189 229 5 
104 89 17 
35 370 1 
62 286 3 
116 220 17 
464 462 14 
90 106 14 
317 429 14 
83 298 18 
155 82 15 
288 308 12 
212 49 13 
184 277 8 
242 484 14 
234 241 17 
112 474 2 
409 196 5 
137 469 9 
233 108 10 
391 37 9 
263 469 6 
72 49 7 
384 447 5 
272 18 17 
73 248 3 
264 405 19 
159 164 8 
209 165 9 
177 10 16 
479 490 5 
23 0 10 
307 421 19 
239 73 9 
117 68 13 
248 8 12 
52 334 2 
277 114 12 
66 219 18 
305 112 5 
351 380 14 
274 13 16 
66 412 1 
386 113 19 
356 115 9 
15 447 2 
447 271 6 
201 419 5 
192 421 2 
224 54 10 
175 405 12 
482 486 18 
50 58 6 
389 370 11 
472 137 10 
412 3 14 
418 133 7 
132 334 15 
387 120 10 
188 334 6 
105 122 11 
470 253 6 
154 326 15 
386 383 16 
55 236 5 
254 62 4 
385 221 12 
365 307 8 
454 215 6 
318 233 3 
87 129 13 
57 215 14 
164 362 5 
88 92 2 
220 115 8 
366 69 8 
301 43 4 
53 499 5 
113 3 11 
112 148 14 
457 369 8 
223 154 3 
107 178 19 
51 304 16 
66 22 11 
110 69 18 
56 372 3 
237 67 17 
77 392 2 
293 407 1 
166 157 18 
368 236 13 
43 328 4 
283 387 3 
197 214 13 
375 281 12 
366 238 18 
368 381 19 
143 380 9 
135 138 6 
446 289 17 
450 332 8 
103 461 10 
333 223 14 
47 95 15 
397 469 6 
175 462 5 
200 168 15 
139 496 3 
247 235 6 
302 415 9 
310 496 3 
161 229 9 
178 476 12 
271 232 15 
51 475 16 
181 314 2 
190 282 9 
43 494 2 
147 95 13 
61 255 16 
187 352 3 
180 291 19 
340 477 19 
345 280 9 
402 81 4 
97 275 8 
215 91 7 
206 399 16 
11 495 11 
271 15 9 
274 156 13 
94 400 5 
346 342 2 
237 234 13 
307 472 4 
388 359 19 
446 205 1 
62 43 11 
173 244 5 
472 455 12 
155 429 10 
402 203 4 
499 295 2 
74 486 12 
142 339 7 
69 210 17 
457 85 13 
62 274 14 
384 9 4 
109 76 19 
277 269 4 
194 147 1 
262 63 13 
102 195 8 
73 266 13 
6 290 7 
309 21 14 
43 50 8 
126 369 4 
444 481 11 
228 481 16 
26 143 1 
197 263 5 
358 241 5 
88 15 3 
259 381 8 
394 449 18 
472 324 11 
289 491 19 
204 107 6 
372 456 12 
307 350 7 
7 22 5 
351 109 19 
429 317 13 
236 340 4 
497 449 10 
210 229 7 
15 249 18 
278 120 17 
12 320 6 
128 253 2 
60 243 10 
109 396 17 
448 259 13 
160 52 4 
30 422 1 
359 119 2 
69 487 4 
212 355 7 
99 265 2 
312 476 19 
405 329 13 
31 332 19 
140 24 6 
397 447 8 
304 476 18 
236 219 15 
242 101 6 
110 201 2 
56 385 8 
57 480 18 
39 406 13 
89 21 4 
482 171 8 
448 340 7 
82 455 17 
430 354 19 
40 416 2 
262 428 17 
445 209 2 
222 357 16 
352 388 2 
480 8 12 
475 247 9 
434 293 12 
146 398 3 
37 288 8 
424 426 7 
244 101 14 
212 238 16 
146 327 15 
299 238 7 
332 420 18 
204 41 1 
328 363 2 
296 2 7 
402 184 13 
251 286 4 
130 240 6 
345 141 13 
246 192 2 
282 289 6 
303 243 6 
309 307 4 
327 211 4 
177 330 19 
79 451 13 
102 159 8 
121 232 1 
142 252 15 
25 466 6 
497 50 9 
375 27 4 
235 127 11 
395 152 4 
98 461 2 
71 83 17 
499 350 18 
121 175 15 
351 43 10 
294 479 1 
414 137 9 
211 261 16 
151 455 16 
221 171 14 
74 101 14 
418 4 4 
197 218 18 
126 108 5 
347 209 3 
283 194 2 
10 388 2 
473 290 4 
323 460 18 
136 411 13 
301 54 3 
484 294 19 
279 198 15 
476 419 8 
2 475 8 
381 139 16 
131 298 2 
38 302 10 
381 86 7 
69 479 13 
402 361 12 
252 127 2 
168 68 14 
148 136 18 
63 335 9 
337 188 3 
359 163 8 
406 310 10 
352 221 7 
341 370 11 
206 25 11 
166 101 19 
265 167 8 
67 299 4 
338 27 15 
259 448 19 
398 350 17 
318 393 16 
390 477 6 
414 198 7 
215 415 16 
243 490 2 
266 96 8 
163 357 5 
265 460 10 
410 495 1 
118 260 19 
334 477 4 
149 228 13 
376 462 7 
163 139 6 
121 101 9 
323 397 5 
129 240 10 
28 330 15 
250 238 3 
76 331 11 
334 199 16 
85 250 2 
400 39 16 
318 132 4 
399 343 8 
318 222 7 
226 480 7 
237 474 14 
440 361 13 
59 460 8 
254 293 3 
111 70 11 
380 180 10 
57 226 19 
178 404 9 
114 152 3 
330 452 6 
14 254 19 
111 330 15 
492 139 16 
76 455 16 
40 360 3 
442 16 6 
203 376 8 
478 412 9 
447 363 18 
77 318 4 
423 475 4 
375 202 5 
487 366 15 
12 243 8 
458 153 3 
82 81 5 
188 233 5 
273 187 19 
48 126 4 
374 183 3 
137 1 16 
333 12 18 
336 121 6 
454 49 11 
400 61 14 
245 208 19 
121 147 11 
109 72 4 
256 473 9 
421 342 15 
111 202 18 
97 126 10 
228 216 4 
494 201 8 
312 7 17 
470 301 3 
402 23 12 
445 221 5 
182 254 17 
253 39 13 
451 33 11 
27 328 17 
348 344 1 
247 117 17 
453 317 18 
305 465 11 
338 165 19 
445 272 15 
338 429 14 
29 37 5 
328 473 4 
31 444 1 
36 270 12 
277 352 4 
240 211 6 
207 311 13 
140 90 5 
378 472 16 
300 228 7 
498 19 12 
247 196 15 
282 90 19 
408 11 10 
90 259 1 
179 16 2 
483 243 19 
484 408 4 
25 498 12 
295 331 19 
415 219 9 
15 323 2 
297 413 12 
87 86 10 
231 463 16 
181 41 2 
189 36 18 
287 22 3 
76 448 18 
341 215 14 
174 287 1 
118 248 8 
216 98 2 
116 247 8 
40 472 13 
13 393 12 
54 215 12 
154 231 4 
415 177 13 
307 261 5 
245 497 8 
139 282 13 
235 361 1 
193 361 4 
454 306 13 
127 422 16 
103 160 7 
71 142 3 
143 312 2 
300 489 12 
147 374 13 
435 347 13 
355 164 9 
481 471 7 
375 396 13 
32 64 11 
122 454 19 
438 399 6 
0 465 17 
104 268 3 
152 489 6 
223 314 19 
168 177 14 
132 216 3 
311 3 15 
453 340 16 
187 111 12 
289 73 13 
435 383 13 
499 19 9 
24 283 13 
19 271 18 
225 319 3 
450 125 6 
50 68 17 
328 470 1 
166 169 14 
45 335 10 
364 218 3 
7 274 11 
193 90 14 
169 429 15 
201 400 8 
198 4 12 
486 436 8 
346 250 16 
177 43 12 
483 25 16 
427 473 4 
97 183 8 
196 152 17 
52 255 10 
367 212 17 
11 445 15 
407 248 5 
3 146 3 
15 215 10 
223 388 9 
173 435 19 
350 26 3 
157 306 18 
477 69 11 
65 313 7 
66 452 3 
63 237 15 
444 263 17 
209 228 19 
65 43 4 
263 309 18 
455 85 14 
283 84 12 
454 139 6 
484 152 6 
162 223 8 
104 126 14 
248 192 9 
134 101 18 
379 214 10 
176 238 5 
139 176 3 
176 439 15 
463 113 4 
462 295 2 
446 5 14 
212 486 16 
312 62 2 
27 390 18 
384 345 10 
454 128 13 
185 266 1 
16 425 6 
220 119 5 
227 352 2 
16 246 3 
91 8 3 
229 181 18 
166 240 18 
260 337 7 
249 140 18 
85 160 14 
72 390 12 
188 482 16 
187 184 2 
368 142 12 
102 256 2 
51 175 12 
192 57 15 
155 120 1 
375 83 16 
106 354 4 
68 277 4 
148 420 13 
316 250 15 
238 261 2 
433 192 16 
377 474 3 
481 441 11 
141 58 11 
21 0 14 
295 478 14 
392 371 17 
61 499 6 
206 129 11 
329 406 13 
39 22 6 
396 368 12 
362 108 14 
324 301 13 
39 12 7 
197 170 7 
178 197 12 
165 358 9 
73 231 15 
193 62 10 
467 488 4 
357 159 14 
266 263 7 
278 95 16 
215 14 8 
417 25 18 
263 272 8 
496 487 7 
249 209 3 
41 131 18 
408 151 1 
60 151 11 
360 489 19 
94 215 10 
462 247 16 
339 261 16 
254 83 9 
125 53 2 
269 469 10 
295 64 10 
470 384 2 
478 233 7 
157 145 16 
466 416 11 
417 370 14 
477 251 12 
273 311 14 
351 190 2 
463 426 12 
447 351 12 
289 323 19 
71 410 19 
76 249 12 
433 328 4 
85 23 2 
179 310 1 
53 466 14 
451 254 5 
418 250 14 
339 62 4 
206 247 19 
81 379 3 
93 412 1 
294 166 19 
92 49 9 
405 289 18 
364 291 4 
277 236 1 
195 5 11 
101 212 1 
126 154 2 
23 248 7 
38 338 13 
312 267 12 
162 79 18 
349 213 12 
345 281 2 
29 143 6 
116 250 11 
154 136 8 
341 10 19 
296 335 18 
262 172 4 
160 223 1 
86 499 4 
124 74 3 
295 147 6 
59 245 19 
339 332 11 
458 123 4 
241 138 13 
261 444 9 
223 3 11 
295 125 9 
359 234 17 
401 104 14 
259 425 14 
119 298 10 
124 439 6 
124 149 17 
23 314 7 
380 108 19 
236 220 6 
15 446 13 
289 472 15 
100 145 14 
439 54 8 
79 33 10 
265 309 16 
161 221 11 
426 192 2 
397 429 1 
21 168 18 
300 354 10 
51 163 8 
379 434 18 
307 107 5 
109 245 9 
363 461 12 
172 204 2 
432 486 11 
436 209 5 
260 191 5 
402 160 5 
133 57 1 
6 161 16 
358 249 2 
34 473 15 
40 109 6 
206 189 7 
365 264 16 
162 170 6 
372 416 1 
50 173 7 
352 7 3 
393 252 18 
299 471 14 
209 338 8 
81 344 6 
83 326 2 
89 210 7 
409 153 7 
162 264 18 
193 57 19 
441 412 14 
281 183 4 
269 276 16 
330 111 1 
407 110 15 
156 251 17 
444 124 14 
50 191 1 
31 157 17 
323 83 5 
337 240 18 
340 472 10 
189 498 15 
404 185 10 
477 376 18 
58 301 3 
257 60 2 
444 274 18 
159 257 1 
477 415 12 
293 49 17 
125 35 16 
321 130 16 
121 26 9 
38 356 5 
414 235 3 
133 44 15 
372 165 12 
320 354 4 
66 157 11 
105 434 8 
445 410 19 
76 366 3 
170 257 8 
379 148 8 
195 37 9 
315 286 1 
211 122 4 
406 36 14 
172 275 13 
184 109 4 
135 334 16 
360 270 19 
289 55 14 
336 112 12 
284 390 18 
259 413 4 
347 140 8 
458 338 12 
462 45 12 
428 273 19 
57 490 12 
97 481 4 
143 91 11 
318 368 17 
237 330 13 
307 164 2 
261 441 1 
169 464 7 
148 470 16 
365 357 7 
10 65 14 
461 217 14 
137 438 6 
481 148 18 
19 379 6 
430 422 19 
439 380 17 
470 458 9 
249 1 17 
269 303 8 
181 44 8 
460 407 3 
284 313 10 
225 129 18 
324 7 19 
296 236 6 
332 479 15 
205 34 8 
434 325 10 
348 382 5 
40 39 18 
106 80 9 
309 313 18 
392 473 15 
270 455 6 
233 104 8 
371 137 18 
271 251 13 
43 405 1 
369 318 19 
431 144 4 
440 268 7 
9 229 14 
387 456 17 
285 369 9 
196 427 2 
40 263 8 
107 376 3 
208 261 16 
461 498 7 
457 158 10 
98 33 6 
389 413 17 
426 279 13 
221 266 12 
214 118 12 
143 413 9 
281 137 16 
155 278 1 
287 141 12 
30 309 13 
384 442 7 
5 294 10 
377 2 4 
187 471 15 
478 79 9 
190 145 8 
145 209 8 
302 187 15 
237 175 9 
327 32 5 
197 484 3 
212 398 6 
131 148 2 
203 332 14 
68 345 9 
411 148 11 
444 105 10 
354 498 16 
229 340 7 
337 297 11 
33 70 19 
302 207 14 
395 299 4 
412 21 4 
178 95 3 
113 182 19 
405 322 10 
387 345 11 
19 102 8 
166 96 2 
288 262 2 
176 57 18 
159 141 6 
155 5 14 
377 235 15 
316 252 5 
414 487 5 
114 7 9 
80 320 2 
20 223 1 
301 345 18 
312 23 9 
393 212 15 
118 321 19 
497 56 4 
35 436 6 
466 422 17 
93 343 6 
395 316 19 
105 295 15 
28 112 18 
94 427 4 
64 337 1 
12 478 7 
140 318 7 
292 478 2 
391 453 4 
346 456 18 
210 256 17 
65 198 9 
458 75 11 
320 272 6 
194 32 9 
98 14 3 
370 234 15 
75 65 11 
400 258 11 
383 74 6 
300 69 16 
300 193 1 
56 88 6 
26 138 3 
281 190 13 
74 419 18 
224 25 10 
15 217 1 
408 318 2 
231 312 17 
422 367 6 
198 45 14 
353 451 6 
44 195 1 
27 374 15 
60 16 9 
110 206 14 
169 434 5 
120 313 18 
410 323 18 
16 228 2 
459 324 15 
373 482 18 
257 245 8 
27 5 19 
115 334 17 
279 159 17 
496 257 11 
233 126 5 
16 294 6 
247 171 12 
167 123 11 